0.75178
2.296
1.5018
2.4201
-0.03846
-0.75433
-1.2739
2.8996
1.7321
1.3469
1.5622
-0.27766
1.1971
1.5333
0.99194
0.77829
0.70427
0.88467
2.8434
1.4742
1.8957
0.18833
1.8808
1.6652
0.87686
3.2736
2.0591
-0.1428
1.9271
0.49584
1.5075
2.6615
-0.44281
0.49538
0.095585
-0.11313
0.91738
2.4695
1.447
0.1519
2.2237
-0.28994
2.0116
1.8113
0.048095
0.57181
0.56078
1.3406
0.51221
3.2783
-1.8949
-0.49162
-1.4535
0.32126
-0.89347
-1.8696
-1.0662
-1.4376
-0.79216
-3.0369
-2.9053
-0.070497
0.95551
-1.4331
-2.2942
-3.0168
-0.70896
-0.60878
-1.4707
-1.0268
-2.4427
-0.49006
-2.2267
-1.377
0.4611
-0.60946
-1.8989
-1.0907
-0.44247
-2.2748
0.30289
-0.73338
-1.1335
-1.5328
-1.7026
-1.1814
-0.76457
-0.88196
-0.021614
-2.2178
-1.6015
-1.2898
-2.0557
-0.66979
0.80429
-0.24793
-1.2837
-2.1074
-1.9642
-1.6853
0.98406
2.9494
0.595
1.8425
0.44122
2.5205
-1.1407
0.88911
0.054103
0.75954
0.32645
0.2876
1.5617
0.68413
0.59689
1.6427
1.0968
0.80439
0.67385
0.91084
1.2199
2.1099
0.16896
0.44072
1.9159
0.50922
0.28534
-0.36048
1.7651
0.64948
0.086689
2.2333
1.0301
0.8326
1.8599
0.68272
0.24945
-0.5342
-0.087573
-0.34343
0.23652
-0.0017879
-0.33771
0.21859
0.57554
-0.14374
1.0972
2.1006
0.52781
0.51082
-0.87789
-1.2399
-0.76597
-2.951
-1.4351
-3.7996
-1.7403
-1.3861
-0.66024
-1.494
-2.5106
0.23366
-2.4234
-1.4579
-0.24818
-1.3807
-1.4685
-2.2546
-0.39791
-2.6418
-0.66317
-0.5128
-1.9099
-0.83571
-1.4319
-1.5149
-2.878
-1.2653
-2.1477
-0.8099
-1.8439
0.09502
-3.2014
-1.2221
-1.3305
-1.6231
-2.8901
-1.7337
-0.88304
-1.6786
0.43531
-0.090771
-1.6651
0.29788
-1.2602
-0.037292
0.25508
0.3137
-1.1457
-0.27327
-1.1453
0.15662
-0.19361
-0.63051
-3.0052
-2.6347
-2.2645
-1.976
-1.3417
-0.9682
-1.3206
-0.14391
-3.0443
-1.6004
-2.6351
-1.0903
-0.18014
0.20878
0.31597
-2.2007
-0.36829
-0.8299
-0.35521
-1.8323
0.17319
0.78723
-0.12444
-1.0777
0.18636
-1.2791
-0.015409
-1.3416
0.14582
-0.88478
-0.21109
-1.1862
-1.2438
-2.5344
-2.8451
-1.0823
-1.5428
-0.18189
-1.1533
-0.78162
-0.26781
-0.18576
-2.0019
-2.804
0.22292
-0.087889
2.7343
3.1014
0.58335
1.3733
3.5219
0.0032072
0.16366
0.74741
2.1483
3.0385
1.3591
0.88237
0.78591
0.67178
0.76666
2.8168
2.6333
0.00029334
-0.27956
1.0358
0.014556
1.7627
-0.31432
1.4712
0.24006
-0.10827
-0.70329
0.522
0.65361
0.72995
1.4676
1.3731
0.43367
1.5948
0.28805
2.03
0.39249
-0.51543
3.5086
1.2719
1.5983
0.43676
-0.16229
-0.21147
0.69036
2.4513
-1.2902
1.0924
0.094498
0.88405
-0.42819
-2.8831
-0.31228
-0.92345
-1.0236
-0.92345
-2.9371
0.51065
-1.694
2.9342
-1.9859
-2.2196
0.72417
-1.6578
-1.8656
-1.4266
0.60934
-1.0917
-1.3222
0.54212
-0.87258
-0.16757
-0.16895
-1.5366
-1.8882
-0.90033
-0.97608
0.03515
-0.51581
-1.956
-1.6867
-1.0947
0.72984
0.58331
-0.81229
-1.5054
-1.391
-1.8551
0.55245
-3.0775
-2.0791
-0.9336
-2.4341
-0.17502
-0.63238
-0.54703
-1.2233
-1.4852
-1.3526
-0.35944
1.0831
2.8098
3.1861
1.1449
0.69926
-0.089571
0.89532
0.84758
0.76037
0.91468
-0.60312
0.95911
2.6788
1.2945
1.1332
-0.59168
0.44718
0.95266
1.8889
-0.60648
2.706
1.6483
0.28352
0.49409
2.5494
1.1823
1.7377
2.2477
0.81811
1.3393
0.38405
0.59689
1.553
1.0389
3.6655
0.10326
0.37164
0.65762
0.57563
0.46181
2.8733
-0.25589
1.5598
0.49837
1.074
0.78558
0.72114
0.57688
1.5724
-0.53788
-2.1096
-1.5907
-2.0091
-1.4615
-2.4013
0.19926
-0.61338
-0.59564
-0.1426
0.057404
-0.14119
-0.74976
0.060171
0.055597
-2.0359
-1.4706
-1.6616
-1.6902
0.1455
-0.10795
-0.038978
-1.7255
-1.2719
0.017006
-1.4224
-0.75861
-1.405
-0.82186
-1.5137
-1.0313
0.15375
-1.105
-1.1439
-2.2323
-2.4924
-1.247
-1.3479
-2.3607
-1.0887
-1.9118
-0.34551
-1.059
-1.0307
0.10579
-1.1088
0.13664
-1.8517
-1.1459
0.45484
-0.80924
3.1271
0.5601
1.8706
0.0033488
1.2361
1.0741
1.0317
1.2734
1.3948
1.9063
1.1183
1.4388
0.74049
0.41862
0.49275
2.038
0.13988
-0.69989
3.0117
0.79085
-1.1326
0.78672
1.3282
0.40244
0.71695
1.6633
0.75691
0.64572
1.6513
0.21746
-0.73561
0.94579
-0.99865
0.86291
1.4459
0.75966
1.8148
4.2261
0.36227
1.8256
0.86884
2.3818
-0.29344
1.6795
1.8684
-0.45568
0.96042
0.82126
1.0397
0.70805
0.2131
1.1984
-0.23293
1.0774
1.9662
1.4367
-0.087917
2.8883
2.167
0.2335
3.3791
1.5662
2.5496
-0.26768
0.22869
1.5953
-0.92252
1.3577
0.86249
0.92432
-0.48063
2.6276
0.37118
1.9483
2.9223
1.6633
0.7242
2.7691
1.7874
0.67447
1.325
1.7645
0.96051
2.1638
2.2568
0.67813
2.4029
1.7843
1.9897
1.2268
2.0334
0.88029
0.37723
0.45242
2.3968
1.4127
0.94189
1.8569
1.8331
1.002
-1.0093
-2.5737
-4.2958
-2.3838
-1.2026
-2.3089
-0.67914
-0.73395
0.0088445
-1.8503
0.43301
0.37033
-1.6285
1.3424
-1.3685
-0.091179
-2.425
-1.3705
-2.8142
-2.0132
-1.2954
-1.3048
-1.0091
-0.98864
-1.7191
-0.0036305
-1.1167
-1.7611
0.049975
0.15374
-0.2102
0.4859
-1.1362
-2.8219
-0.4788
-2.1917
-1.8466
-0.97822
-0.86642
-2.3211
-0.86669
-1.4033
-1.6718
-2.0634
-2.3276
-1.0533
-0.45394
-1.4775
-1.4032
-0.85993
-2.9367
-1.0133
-1.219
-2.3639
0.56855
-0.34534
-0.7724
-2.7833
-0.24121
-2.2754
-0.9694
-2.1593
-0.3113
-1.094
-0.59423
-0.77378
-0.44721
-1.2254
-0.27017
-1.7228
-1.1784
-0.83775
-2.5365
-1.7544
-1.6836
1.1795
-1.167
-3.3791
-2.1986
-1.5876
-0.83461
-1.6788
1.086
0.46435
-3.3229
-0.13988
-1.5822
-0.33308
-2.1626
-0.391
-1.7181
-0.34604
-0.43443
-0.73534
-0.64104
-1.8222
-1.361
-2.0242
-3.4547
0.090395
1.7478
2.2081
1.6922
2.0052
-0.10183
1.921
0.58914
2.1431
1.0239
1.7838
-0.21853
-0.6131
0.37176
0.67674
1.7019
-0.3581
0.4719
0.27243
0.5622
1.6614
0.49271
1.9858
0.43646
0.44129
1.3199
0.72686
1.7384
0.87309
1.0656
0.97127
2.8207
0.76624
1.1117
1.6412
-1.4485
1.2814
0.9899
1.1062
0.97327
0.36554
1.2815
0.98331
0.71675
0.36146
-0.82671
1.003
1.318
-1.035
0.80015
-0.065836
0.51312
-0.33358
1.8811
1.8545
1.3214
0.14605
3.8103
1.5079
1.22
1.6498
-0.75742
-0.40671
-0.26023
-0.35697
0.044399
2.4156
2.7551
0.55654
0.75148
1.4484
1.9758
1.702
0.68265
0.25056
1.0923
1.0604
1.4236
2.2384
0.51645
0.70011
1.2073
-0.40591
1.1239
1.4882
2.0906
2.0205
0.68803
0.78828
1.4143
1.2369
0.99065
2.7791
0.54491
-0.39113
-1.2609
1.0179
2.0341
-0.34063
-0.5672
0.50763
-1.0795
-0.6864
-2.3415
-1.9792
-1.0196
-1.2597
-0.51184
-1.4707
-2.1999
-0.48212
0.42183
-0.13287
-0.36777
-0.72387
-1.0905
-0.9261
0.31708
-0.44796
-0.13729
0.032088
0.16699
-1.1618
-1.0241
-1.368
-1.736
-2.2179
-1.1723
0.27665
-2.6428
-1.3419
-2.0932
-0.86765
-0.39133
0.30034
-0.15963
1.2951
-0.56398
0.18062
-2.3487
0.54822
-2.862
-0.70564
-1.1849
0.089137
-0.86868
0.72344
-0.57833
0.44073
-1.6219
-0.29283
1.9607
0.86152
0.99789
-0.78026
1.7615
0.75506
-0.018299
3.1794
0.31709
2.0316
1.3677
0.28232
2.7887
2.4467
0.30949
1.2464
1.4302
0.90919
0.95456
0.2044
0.23057
0.985
2.3214
1.407
0.98118
0.39327
0.95357
0.90538
1.1603
1.706
0.013495
0.61506
1.3966
-0.011948
3.3286
1.3656
0.60442
1.2266
0.78555
2.6443
-0.11403
1.7543
0.32843
-0.15717
-0.19734
-0.41332
-1.1428
3.1022
2.0887
1.3422
-0.91019
-1.1923
-1.9635
-1.8854
-1.0009
-0.66492
0.53875
-1.8997
-2.1259
-1.0434
-0.1375
-1.2447
-0.026899
0.071128
-0.61748
-1.0448
-2.3843
-1.4057
-1.2519
-2.95
-1.7969
0.726
-0.32524
-2.978
-1.6418
-0.36136
-1.48
-1.2655
-1.3801
-0.9104
0.22487
0.37043
0.17149
-0.25019
0.97782
-3.2839
-0.13996
-0.82221
-2.8329
-2.0349
0.29967
-0.66636
-1.6641
-0.91212
-1.6971
0.11799
-1.3129
-2.0676
-0.71309
-2.2858
1.4147
1.0356
2.4385
1.3742
0.65488
2.5217
0.83089
1.2299
2.0916
0.72455
0.46461
2.0378
-0.12306
0.4875
0.78642
1.8152
0.77596
1.0228
2.3649
1.433
-0.65736
1.0729
1.4855
1.1136
3.4276
0.16435
0.73358
0.026422
0.7795
1.8287
0.74588
-0.3504
0.58852
0.96867
1.0724
0.047453
3.0217
0.37872
0.38511
0.60744
0.32684
2.3777
2.1008
0.3556
1.032
1.7216
1.4924
0.18938
2.1481
0.58456
-0.21169
-1.793
-1.1208
0.47322
-2.2978
-0.095922
-1.1573
0.41528
-0.28415
-0.29387
-1.5097
-1.441
-1.1364
0.15657
-0.75649
1.5612
-1.419
-0.038882
-0.19785
-1.7166
-0.84386
-1.7784
-1.8235
-1.9514
-0.63836
-0.82734
-2.1802
-0.30851
-0.99246
-1.3925
0.68106
0.16811
-1.6729
-0.29976
-0.13481
1.1152
-1.7908
-0.89349
-0.48611
-0.51708
-0.9857
0.34281
0.30929
-1.018
-0.056791
-1.3166
-0.26085
-0.123
-0.43122
-0.70787
-2.7415
0.59185
-1.896
-1.0057
0.16404
-1.7028
-0.20227
-2.1648
-2.1026
0.064542
0.81437
-2.916
0.64198
-1.6519
-0.39409
-1.2339
-1.5126
0.77707
-1.7849
0.72984
-2.3608
-0.20321
-0.70952
-0.60303
-0.59375
-0.25294
-0.094313
-1.049
-1.7718
-0.14436
0.47265
-1.7826
-0.74797
-0.097975
-2.0377
0.76177
-0.36449
-0.38584
0.847
-1.0776
-2.4358
-1.6749
-1.1919
-2.7765
-0.82875
-0.97255
-1.9034
0.22873
-2.1777
-0.47245
2.3664
1.1356
1.7026
0.97294
3.579
1.8448
-0.53473
1.4705
0.60712
1.0068
0.15161
-0.17009
-0.03522
0.39457
0.2993
1.4447
2.6059
-0.46299
1.2672
0.90514
0.99155
1.1746
0.20756
2.2508
-0.32968
1.8068
-0.52893
0.6733
2.0118
1.176
0.18839
0.87003
0.36343
0.14053
0.64682
0.31416
2.3738
1.0142
-0.79132
1.0543
-0.0071777
0.9491
-0.69872
1.0297
-0.21255
-0.99623
-0.19776
0.70385
0.029786
1.1023
-1.4343
-1.311
-0.6317
-1.1694
-2.7582
-0.021543
0.17782
0.092536
-1.9954
-2.618
-2.1023
-0.56727
-2.6049
-1.8733
-0.58604
-1.9501
-0.69299
-1.4369
-1.2168
-0.7698
-1.9056
-1.6029
-0.6166
-0.40525
-2.7177
-1.8239
-0.71133
-1.8716
-0.33443
-0.83285
0.6238
-0.91963
0.94285
-0.59608
0.48127
-0.94868
-2.1055
-0.29289
-1.3615
-2.1011
-0.7734
-1.2203
-1.3874
0.058012
-2.6607
-1.4139
-0.99683
-0.99049
-0.57333
-1.4071
0.94082
0.049502
2.9472
2.8032
0.79569
0.63194
-0.80914
0.15335
0.8726
0.1348
2.0564
-0.12237
2.8366
0.6567
-0.53241
0.19812
0.67204
-0.25767
0.68069
0.21912
1.0508
-1.2284
1.2704
1.1509
0.79103
0.089955
2.1085
1.327
1.3174
1.1892
1.1771
2.778
1.4807
2.7215
0.18561
1.2649
1.4268
1.3234
1.9451
2.0159
2.0319
0.59551
2.1375
-0.28798
1.1397
1.7185
1.809
1.4164
0.1364
1.4847
2.1594
0.4955
1.3198
1.5203
0.64463
1.1686
1.2978
3.026
0.24932
1.2075
0.17496
1.4675
-0.57686
0.85137
1.0189
-0.69406
1.1264
0.47759
3.3528
1.6268
1.1025
0.092842
-0.023175
0.15003
0.30423
1.9912
1.3992
2.1362
1.1925
0.78114
-1.7649
1.8307
-0.27991
1.8636
3.1929
2.861
2.1505
-0.40907
1.5843
0.63231
0.49916
1.0422
1.0217
0.078359
1.7955
0.76068
-0.27386
-0.28744
1.3821
1.1546
-0.68086
-2.2087
-2.2906
-3.0121
-1.594
-1.6412
-1.2896
-1.1271
-0.4812
-0.55522
-0.69233
-1.0857
-0.065205
-1.3464
-0.7211
0.7755
-0.24691
-1.8727
-1.0638
-2.0844
-2.52
-1.3506
-1.16
-0.6896
-1.5824
-0.71325
-0.064229
-2.5128
-2.1268
-1.2227
-1.1973
-0.93141
-1.988
-2.5246
-0.74336
-3.1002
-0.3473
-0.72044
-2.3319
-0.39693
-1.8921
-1.0621
-0.0153
-0.74027
-0.95757
-1.2218
0.6423
-2.615
0.4839
1.7838
0.041837
-0.75045
-1.3164
0.50367
-2.1423
-0.45691
-1.8988
-0.46489
-2.4237
-1.1449
-0.988
-1.4099
-2.5518
-1.9991
0.60323
-0.36819
-0.94497
-0.030704
-1.0837
0.1402
-1.1168
-1.7081
-0.7442
-1.8169
-0.44766
1.6959
-0.27968
-0.33057
-1.6159
-0.85737
0.44096
-2.4898
-1.0418
-1.1843
-0.059569
0.6346
1.0518
-1.3904
-0.69481
-0.97239
-0.071438
-1.4807
-1.8931
0.38692
-1.7731
-1.4095
-1.4475
-1.4612
-2.3187
1.3935
0.83103
1.0528
-0.57057
0.60053
2.2351
0.33641
1.4763
-0.99062
2.3162
-0.6083
2.6312
-0.20953
-0.48643
1.0367
2.2968
0.64151
0.94169
1.3516
2.5743
-0.26637
1.9494
1.8181
1.3691
1.1095
1.1401
1.4315
-0.19187
1.1068
1.1757
-0.26347
0.29635
1.0164
1.4947
1.8707
-0.069532
0.57161
1.697
0.32847
1.1871
1.2681
2.5517
1.4342
2.2685
-0.38435
0.71508
0.98502
0.68742
2.3395
1.4674
-0.23539
0.70964
1.5873
0.68042
1.1586
2.574
-0.17589
-0.058976
-1.9373
1.3132
0.94785
2.2505
1.4401
-0.47117
0.56409
-0.58735
-0.33034
1.1569
-0.020234
1.4146
1.347
0.13338
0.64477
1.9983
1.1474
3.0363
1.058
0.50023
-0.38253
1.1891
0.5062
1.6311
0.012366
1.4211
-0.35262
0.77189
1.231
0.41585
-1.1232
0.057078
1.7065
-0.18961
3.4595
0.35052
-0.90989
-0.3383
1.5498
0.42174
1.1264
2.3163
1.6879
-0.62382
-1.4535
0.17002
-1.4076
-0.70234
-1.3002
-2.2606
0.39273
-1.5934
-1.2839
-1.2641
-0.20107
-0.5945
-1.4498
-2.9124
-1.5968
-0.75892
-1.1885
-1.8816
-2.6915
-1.9158
-1.6735
-1.7519
-0.088729
-0.89376
-1.8271
-0.9074
-0.38004
-2.3915
0.014932
0.19605
-0.59028
-0.42726
-1.5998
-2.8501
-0.30157
-1.8908
0.88523
-0.63477
-0.62984
0.004506
0.19585
-0.12008
-1.2186
-2.0456
-0.80344
-0.46603
-1.0441
-1.0408
-1.3905
1.2423
2.8258
3.2936
1.1507
-0.80547
1.8202
1.2952
2.6213
0.82952
2.2022
0.72194
1.4479
2.6977
-0.75352
0.79319
1.6
-0.052946
-0.23345
-0.14605
0.3949
0.84701
1.4221
-0.96149
2.3458
0.041392
0.48529
1.5731
1.0119
0.15629
1.6547
1.1947
1.6895
2.4712
0.32093
1.9182
-0.85646
2.2441
1.3679
0.95299
-1.9719
-1.4131
1.9429
0.85993
0.91695
-0.10815
1.2557
1.5248
1.8777
1.1692
0.56189
-0.53901
-1.1702
-0.15635
0.0056924
0.28458
-0.70934
-0.95846
-0.71329
-0.5918
-1.1247
-1.3375
-0.85528
-2.2669
-0.000923
0.76414
-1.9264
-1.0765
-2.3975
-1.6685
-2.7445
-0.38883
-0.15592
-1.3768
-3.2633
-2.0411
-1.7562
-0.036025
-1.2122
-0.71072
-3.0965
-1.1918
-2.4965
-0.87338
0.67834
0.2248
-1.2944
-0.77429
-1.7688
-1.3442
-1.7016
-0.66378
-0.19773
0.69025
-1.2256
-1.0562
-1.372
-2.151
-1.9259
-0.98331
-1.0237
-1.0819
-0.78099
0.95173
-1.2764
-1.5119
-0.62477
-2.5536
-0.25563
0.33812
0.18175
-2.4348
-0.97339
0.33907
-1.6917
-0.2845
-2.1332
-1.4683
-0.92098
-2.2493
0.58791
-1.0612
-0.81824
0.0078326
-0.58758
-0.79821
-1.1047
-0.99387
-2.7367
-2.3314
-1.0195
-1.1252
-1.7884
-1.55
-0.59047
-0.17348
-0.15518
-2.2079
-0.086023
-0.02018
-1.2038
-0.92108
-1.1071
-1.7637
-3.0535
-1.3096
-1.1257
0.45245
-1.6179
-2.2761
-1.1251
0.40243
0.81666
0.22826
0.73798
0.4352
2.4574
2.3064
3.0654
1.0723
1.1472
-0.074111
0.081345
1.0666
-0.60672
1.3977
0.61904
2.3541
2.159
2.5702
0.46384
-0.0092751
0.69494
-0.7229
0.066487
0.017526
1.1575
2.1355
0.91661
0.57961
1.7666
1.3042
0.14229
0.21263
1.0765
-0.1906
-1.0578
0.34522
2.3626
1.7348
0.72045
1.5466
1.0137
1.1476
2.1062
1.2307
0.234
-0.40836
2.2919
0.44121
0.7948
-0.88811
-0.82503
-0.70639
-0.086783
-1.499
-0.20915
0.16101
-2.591
0.05089
-0.54154
-0.53324
-0.37174
-2.6596
-0.75955
-2.2144
-1.0647
-0.68975
-0.63059
-0.72884
0.91722
-1.9417
-0.43459
0.89978
-0.84511
-1.2936
0.59711
-1.4264
-3.5133
-0.86518
-2.8969
-0.29616
1.0167
-2.1825
-0.86234
-0.94418
0.33191
-0.77456
-2.0755
-2.3785
-0.047904
-1.6043
-0.95678
-1.5143
-1.4205
-1.6601
-0.2426
-1.9319
-2.9145
1.2405
-0.32985
1.6636
0.61776
-0.068978
1.2867
1.8507
1.6968
2.1888
1.7601
1.1879
1.929
2.3017
0.20409
1.1741
0.8411
2.1361
2.5669
-0.069734
-0.53864
1.1697
1.2799
0.59998
0.71944
-0.055416
1.3323
2.7963
-0.68157
2.5667
4.2434
0.019575
0.722
0.26204
0.60691
-0.031239
1.5121
0.19968
1.4832
-0.67406
-1.2275
0.89274
2.5031
0.94227
-0.7396
1.1381
3.6534
0.48871
1.7587
1.6792
2.3743
2.4381
1.488
-1.9273
-1.1741
-1.9001
-0.4345
-0.66388
-1.2926
-0.17167
-1.2213
-1.0899
-1.38
-1.1948
0.93646
-1.6593
-1.962
-0.83786
-1.1608
-0.014211
-1.8804
-0.39449
-0.88085
-3.8618
-0.73969
0.6648
-1.3949
-2.2357
-1.79
-2.1039
-0.50259
-0.41524
0.90951
-1.0747
-1.3733
-0.5811
-1.032
-1.8125
-1.1791
-2.3847
-0.076624
-3.2525
-0.095541
-0.3801
-1.9476
-1.4044
0.052833
-0.54443
-2.0571
-2.2441
0.24222
-1.0255
-3.3292
1.3193
1.8629
0.52371
0.10987
1.3107
1.0099
-1.8157
1.346
0.51255
0.1038
2.027
0.94043
1.0891
-0.49109
0.97118
2.3896
1.0928
0.38023
-1.2883
0.014216
2.9471
1.8744
1.5672
1.6559
0.063897
-0.6317
1.2082
1.2081
1.7641
2.2517
2.0275
1.0777
2.8597
0.55269
1.0767
0.72015
0.16283
1.0012
3.1339
0.96097
2.2899
2.3242
1.7642
-0.13384
0.086672
1.0575
3.7808
0.98756
1.0468
1.5354
-0.60569
-0.42913
-0.83469
0.62659
-2.5943
-0.92622
-1.6657
-1.3164
-0.12226
0.12213
0.80395
-1.3212
0.20938
-0.87204
-2.2449
-1.2486
-3.2776
-1.391
-1.5202
-1.6786
-0.22561
-2.14
-2.3844
-0.62382
-0.85151
-1.2821
-1.4603
-0.77012
-1.7057
-1.7898
-1.1415
-1.3898
-0.19295
-1.0283
-0.50347
-0.11851
-2.3454
-0.43798
-0.89923
-1.1536
-2.1925
-0.97835
-0.33772
-1.6699
0.36325
-1.1135
-0.45458
-0.14794
0.15089
-2.3773
0.68376
0.92655
0.98586
2.2967
1.5234
1.2136
0.005309
2.2793
0.67951
1.5746
1.1248
1.6114
-1.9453
0.46159
0.18266
0.97141
0.40002
0.12841
-0.97676
2.3545
0.72852
1.6809
-0.25022
0.26153
0.32522
1.3134
1.939
2.2996
0.66958
1.6937
-1.1381
2.7595
0.7739
1.6783
0.62187
0.69615
0.24319
0.75613
0.62603
1.5666
1.3307
1.0701
-0.048602
1.0279
2.3798
-0.36995
2.2638
1.2538
1.0997
-0.0019376
0.79322
0.20494
1.3972
0.52443
0.04653
0.79986
1.0908
1.6563
0.84181
1.0912
0.80976
0.5985
0.98082
1.1849
0.28964
1.237
0.30753
1.52
2.2292
1.2028
0.40734
0.96507
1.2543
-0.77665
-1.0357
-0.62332
1.5109
1.1379
0.82515
1.4221
0.88336
1.6109
1.1617
2.584
0.83972
2.3891
2.1783
0.14158
1.9712
2.0211
2.7366
-1.156
2.2489
3.3023
1.824
2.7101
1.1645
2.4052
-0.037642
1.0033
0.65846
-1.019
-2.231
-1.5691
-1.3368
-2.8661
-0.38859
-1.8331
-0.84284
0.54452
-1.5239
-0.46015
-0.61541
1.6944
-1.8498
-1.4485
-1.7553
-1.3809
-3.8604
-0.86708
0.44225
-0.83772
-1.1797
-1.2112
-0.37539
0.2905
-1.0221
0.062072
-0.78777
-0.95063
-1.9346
-0.094725
0.24754
-0.41595
0.23811
-1.3859
0.52868
-1.6134
-0.098898
-1.5992
-0.53369
-1.4929
-0.97954
-1.9278
-0.3934
-2.7676
-0.54322
0.81624
-0.92074
0.4022
0.98304
-0.4359
2.1227
0.33685
0.705
-0.025001
-0.22758
0.58321
-1.5964
1.7011
0.16749
1.579
0.29453
0.48623
1.1614
2.163
0.65231
2.1101
1.6688
1.2585
2.726
1.5625
0.12509
0.33737
1.2236
0.33143
2.1675
1.759
-0.31535
1.766
1.4022
0.93195
-0.20256
2.527
0.4745
2.7706
0.75354
2.3779
1.3633
0.26506
1.008
1.5626
0.52952
0.73662
0.88644
-0.43809
2.4284
-0.16219
1.9106
1.4888
-1.7534
-1.3097
-1.0148
0.26359
-0.45911
-1.1078
-1.3493
-1.5933
-1.0709
-0.55697
-0.067425
-1.8753
-0.48139
-0.57604
-1.0658
-0.28718
-2.0236
-0.91849
-1.6202
-2.0118
-1.947
-2.0208
0.08692
-1.4448
-1.343
-3.0885
0.060344
-0.66318
0.25696
-2.4119
1.5334
0.36987
0.55833
-0.14315
-1.1189
0.40974
-1.2257
0.15464
-0.56455
-1.0407
-3.0275
-2.6125
-1.9642
-1.5944
-1.5543
-2.9088
-2.2209
-0.50149
-1.9249
-0.9011
2.2559
1.555
0.15784
0.34832
2.0337
0.54953
-0.3632
1.2266
0.7614
0.66152
0.56357
0.51137
0.8513
2.1824
0.28408
-0.010696
0.1432
1.4249
1.475
0.14317
1.2239
2.0081
2.2444
0.0026964
0.96327
0.33425
0.25196
0.86856
1.1316
2.2166
1.2107
1.7888
0.75018
-0.63268
1.3019
0.17784
-1.2758
0.60574
0.97097
1.4475
3.1223
0.35607
0.91797
0.42895
1.7147
2.7997
1.7489
0.67178
1.5423
2.4946
-0.70539
-1.0529
-0.82526
-1.6347
-1.1971
0.14271
-1.0502
-1.7014
-0.87221
-0.82193
-2.1231
-1.5604
-2.1423
-0.87061
-0.20998
0.7722
-0.38152
-1.4152
-0.79728
-1.8541
-0.41963
0.75829
-0.84086
-0.57724
-1.0907
1.7329
-1.3714
0.86652
-2.3043
-0.37076
-0.35866
0.37238
-2.0941
-0.027665
-0.98646
-0.52893
-0.54021
-0.15478
-0.25657
-0.84962
-1.4693
-0.80098
-3.447
0.339
-2.2947
-1.3457
-1.0022
-1.1865
1.1105
-1.0869
1.2429
0.89357
2.8659
2.0349
2.8465
2.3954
-1.3239
0.18154
1.0038
2.4388
1.27
1.5153
0.66764
0.83732
1.1763
1.9125
-0.90299
1.5902
0.50871
-1.0006
-0.55601
0.71575
1.4028
0.742
0.89079
-0.53011
0.63649
2.4295
2.2903
0.77832
0.81322
0.77894
0.19488
3.0914
0.92886
1.3199
-0.46135
0.92253
-1.2593
0.64017
1.7061
0.16189
0.085602
1.3255
2.5849
0.59371
2.1198
0.97845
-0.24172
0.61187
-1.0039
-1.1104
-1.1203
-0.6871
-2.2866
-0.20797
-2.5985
-1.015
-0.63769
1.0323
0.19251
-1.7613
0.083736
0.18517
-1.8159
0.20533
0.64482
-1.723
0.90279
-1.6579
-1.0616
-0.68278
-1.2431
0.18619
-1.7698
-0.54145
-1.7049
-1.5874
-2.7502
-1.3821
-1.2525
-1.6789
-0.28599
-0.64729
-0.23683
-1.6715
-1.6092
-0.28729
-0.9121
-1.1178
0.47464
0.010313
-1.817
0.11303
0.324
-2.3229
-2.3862
-0.4088
-0.11093
-0.14193
-1.9103
-1.5258
-1.4697
-0.9162
-0.13362
-0.59475
0.74069
-1.9621
-0.40708
0.2472
0.018456
-2.0122
-2.161
-1.0898
-1.1983
-0.091852
-0.93263
1.1682
-2.0037
-0.2454
1.0364
-1.295
-0.46282
-0.93436
0.16132
1.4815
-0.3774
-1.6641
-2.0462
-0.48452
-2.5239
-1.5385
-1.4234
-0.37178
1.1659
-2.5587
0.99407
-1.7417
-0.48267
-0.0060123
-0.75252
-1.4377
-1.0935
-0.22036
0.0028256
-0.4209
0.88767
1.3975
-0.59687
-1.1826
1.2667
0.66599
-0.20117
0.83929
0.67473
0.72624
1.3088
-1.2924
-1.362
2.4048
-0.52798
0.48318
1.2375
1.3185
-0.031723
1.3706
-1.5749
-0.14253
1.5555
-0.6697
1.8237
0.85445
1.5075
-0.42618
1.2636
1.2567
0.68965
0.86221
0.3147
-1.1104
0.39509
0.0067302
-0.56966
0.17759
0.62237
-0.32595
1.0254
3.0159
0.27506
-0.30068
-1.1776
-0.76396
0.87845
0.29166
0.64018
-0.02517
1.061
0.23603
0.87465
1.3753
1.506
1.5895
1.1966
-0.32751
1.7464
1.6644
1.037
1.3717
2.8498
1.4277
1.4494
1.1147
1.399
1.1498
2.2642
3.0442
-1.2229
1.3816
1.4623
0.61915
0.78337
1.2539
0.034125
2.0912
0.57776
-1.2841
-0.83737
0.37319
1.2081
0.83972
0.5612
1.9215
0.75991
0.53122
1.0498
-0.55673
2.7928
0.59654
3.4205
1.1527
-0.78713
1.0804
0.077817
-0.22756
0.58267
0.69013
0.40391
1.3183
0.44273
1.7586
-2.7995
-1.0481
-1.1286
-2.2517
-1.9559
-2.3825
-1.7159
-3.1781
-1.033
-0.17334
-1.0534
-0.42052
-0.13268
-2.5423
-1.0973
-0.7854
-0.88222
-2.948
-1.1622
-1.528
1.4066
-2.603
-1.4385
-0.43557
-1.5211
-2.4266
-0.39399
-0.77201
-1.618
-0.053873
-1.9366
-1.3
1.0881
-2.7027
-0.61828
-2.4653
-0.17504
-1.3012
-0.74449
-1.0762
-0.57212
-0.75007
-1.1959
0.35948
0.72504
-0.42161
-0.65523
-2.4034
-1.6108
-1.9541
0.65432
0.91778
-0.73972
1.7092
0.79747
2.1393
1.1404
0.50829
1.5875
-0.073981
2.9674
0.41853
1.0041
1.9334
1.8164
-0.55696
-0.5821
0.96136
0.70972
1.0662
1.7562
0.070573
0.42289
0.48388
-0.73208
1.8564
1.7416
2.7086
-2.2616
-1.0485
1.7869
2.6668
1.0277
2.0389
-0.64708
1.7112
1.2375
-0.69631
2.7123
-0.2036
-0.13747
2.2103
2.5145
1.4826
1.2236
-0.099131
1.956
-1.6167
1.8499
0.27926
-0.93009
-0.34745
-0.075164
-2.5754
-0.62531
-1.6909
-1.6017
-1.1686
-1.1519
-1.0839
-3.3547
-1.2514
1.2265
0.17883
-0.014078
-0.28052
0.76831
-2.5486
-1.436
-0.55
-1.813
-0.23185
0.30634
-0.13765
1.3342
-0.46301
-1.4525
-0.66509
-0.66095
0.65638
-1.3437
-1.8722
0.0074999
-0.075373
-0.4743
-1.2945
-1.5934
0.75388
-1.4764
-0.7942
-1.878
0.53455
-0.86326
-0.33738
-1.2088
-1.9925
-1.8095
-0.17795
-1.0506
-0.37688
0.2556
0.30217
-1.2986
-2.1195
-1.8549
-1.4555
-2.8395
-2.3391
-3.0014
0.67178
-0.40204
-2.5568
-1.1544
-0.18883
-2.2282
-1.9725
-1.4679
-0.032829
-0.17101
-1.4084
-0.47828
-0.3729
-0.46514
-0.25985
-0.74421
-1.5835
-1.7495
0.081316
-1.2049
-0.009695
-1.8838
0.36942
-1.8405
-2.0534
-1.0278
-1.8091
0.69756
-2.7114
-2.1301
1.256
0.014961
-0.31887
-1.5152
-2.4135
-0.93293
-1.3265
-1.3171
-1.5166
-2.7115
-1.659
0.47161
0.071763
0.9794
1.2841
0.82324
1.2364
1.406
0.92142
1.8106
0.67287
1.2877
0.92857
1.1951
1.0945
1.7656
0.32611
1.8598
1.2122
-0.46181
0.88859
1.503
2.5845
0.47059
1.6756
2.4717
-0.38358
2.3683
1.0952
0.38724
-0.63176
1.0795
-0.26887
-0.083125
1.116
0.82334
1.9277
2.3733
1.4722
2.892
-1.3255
1.2677
1.3764
0.11519
0.60554
1.422
2.0677
1.269
-0.38421
0.63838
1.0287
-0.31677
1.0449
2.1844
-0.074155
-0.8323
0.64499
0.004103
-0.14846
2.1669
3.1613
1.596
0.88006
1.7702
3.337
1.421
1.2429
1.2733
-0.052472
2.7628
0.93372
2.2831
0.70316
-0.62895
-0.44536
2.6449
1.1091
0.78422
1.0739
-1.1745
1.2074
0.50608
2.0239
1.0331
-0.0046035
-0.41522
1.3679
0.25372
2.0119
0.56796
2.5255
0.55012
2.0288
1.6784
1.4918
1.3573
1.9418
0.16111
1.9011
1.8253
2.518
-0.77103
-1.4014
0.88013
-1.4583
-2.2415
-2.2219
-0.19322
0.66371
0.29909
-0.89496
-0.028422
-2.3494
0.030118
-0.96277
-1.3255
-1.5105
0.35922
-0.72026
-1.3824
0.16005
0.55169
-0.44874
-1.4891
-0.82331
-0.90162
-1.2818
-1.3347
-0.90315
-1.7455
-1.2661
-2.4944
-2.2814
-1.7354
-0.65411
-3.4529
-0.94512
-0.24895
-0.20864
-1.8957
-1.5504
-0.10617
-1.5831
-0.24571
-0.19828
-0.98612
-1.2072
-0.502
-1.4114
-2.1114
-0.64086
1.3549
1.5283
1.1816
0.34787
-0.057803
0.84074
0.93488
0.84976
0.014156
2.3591
0.22139
-0.068969
1.0672
0.37305
0.19302
1.6207
1.0873
2.736
1.6641
0.27291
0.66311
1.2058
-0.35336
1.7822
1.0937
1.2714
2.5636
2.1415
0.72388
0.065203
0.77568
0.81518
2.4801
0.34133
1.5336
0.16532
0.8435
2.4545
0.71923
2.6688
-0.64026
1.6666
1.3766
1.6341
0.62609
0.11963
-0.79393
1.0413
1.273
0.47793
-1.5878
-0.66622
-0.83143
1.0779
-2.619
-1.9132
-0.22129
-1.6236
-1.7054
-1.1788
-0.69306
-1.8556
-1.9436
-1.519
-0.52579
-1.8206
-1.0168
0.34867
0.73402
-2.2797
0.26783
-0.49582
1.3019
-0.80044
-2.3079
-0.8285
-0.10111
-0.34848
-1.1391
-0.049049
-0.57578
0.16705
-1.741
-2.6133
-1.8019
-1.1878
-1.3645
-1.1914
-0.39254
0.69851
-0.54634
-1.013
-2.0805
-0.48495
0.087173
-0.34449
0.45068
-1.8046
-0.37445
-1.2604
-0.8884
-0.45181
-0.41972
0.29379
-2.1278
0.01802
-0.66078
0.12847
-1.8487
-0.51686
-1.5228
-0.82776
-1.806
-1.8834
-0.60993
-1.3385
-1.656
-0.67587
-0.33474
-0.83033
-0.81226
-2.1565
-3.0699
-0.5576
-0.84955
0.018299
-0.978
0.29874
-0.65902
-0.21916
-2.3385
0.90702
-0.89241
-2.1839
-0.29843
-1.069
-1.5482
-2.3633
-2.0833
-1.3439
-0.74554
-0.76668
-1.4793
0.66016
0.096512
-1.3869
-1.7889
-1.2712
-2.2417
0.25168
1.1162
-0.91329
2.1783
2.3502
1.2473
2.7725
0.34735
2.6151
1.4514
1.4324
1.4573
0.10442
1.7571
2.1943
0.68509
1.0524
0.95953
1.8174
0.36452
1.6734
0.027767
-0.014994
2.0007
1.4166
2.8423
1.4476
0.88707
1.3322
1.8364
2.1725
1.4332
0.41751
2.45
1.15
2.9989
0.11525
-0.41612
3.1434
0.51619
2.4425
0.25033
1.6313
0.50018
1.3291
1.0055
-0.35346
1.5356
2.3137
1.4093
1.5676
0.88204
0.083497
2.4442
0.80659
1.2509
-0.079819
1.5555
0.39213
1.2053
-0.65826
2.7906
2.7774
0.095272
1.6551
0.67495
2.0439
0.76812
0.5783
2.0514
1.0668
1.6027
-0.13529
1.4484
0.82288
0.11101
1.5906
0.96119
0.5611
1.8123
0.5145
0.40289
0.33823
0.94018
0.66204
-0.04348
-1.4403
0.36355
1.6681
2.0874
-0.26159
2.0449
1.0862
-0.050884
0.48033
0.20735
0.71683
1.0405
3.4662
1.0971
0.29625
0.12323
-1.5338
-3.3441
-0.11666
-0.85271
-1.6045
-1.1826
-2.332
-0.20266
-1.9593
-1.7479
0.15885
-0.79543
-0.99324
-0.43725
-2.0897
-0.24281
-0.3546
-0.045899
-1.7664
-0.58298
-1.3893
-2.7581
-2.6309
-2.6189
-1.4075
-0.9069
-2.3074
-0.84876
-1.4808
-0.41738
-0.14151
-1.7725
-1.1614
-1.5124
-1.1409
-0.51215
-1.0053
-1.2442
0.66536
-0.91987
-1.3159
-2.0486
-1.5603
-0.58369
0.21303
-1.5488
0.49333
-1.585
0.47161
1.5193
0.46684
0.51517
2.4553
1.0702
0.37152
1.0729
0.54868
0.8661
2.3542
3.0431
2.4069
1.9126
0.3209
1.7572
2.7254
1.9445
3.5791
0.58008
0.17971
1.0524
1.0191
1.322
-1.5764
1.7667
0.9854
1.8361
1.2273
1.3865
-0.44294
-0.15508
2.5066
-0.37731
1.0339
1.8656
2.6897
-0.21005
2.6392
1.8152
0.91345
4.111
1.3135
1.89
2.2662
-0.042381
0.59206
1.4394
2.1009
0.12213
3.5678
-2.1352
-0.2454
-0.6004
-1.1337
-1.509
-1.7001
1.0832
0.14532
-0.37837
0.95152
-0.45776
-1.8693
-0.96051
-1.2159
-1.1749
-1.3966
0.094791
-0.185
-1.071
-0.30511
-0.0802
-1.0909
-1.0414
-1.2092
-1.8336
-0.40891
-1.5633
-0.11134
-1.1557
-0.82106
-1.1489
-1.5127
-2.8419
-2.8363
0.46096
-1.8548
-0.33557
-1.3011
-0.53499
-1.3029
-0.22321
-0.24899
-2.4228
-0.54893
-0.96453
-1.5761
-0.65372
-3.0754
-0.97009
-1.7118
0.59301
-0.5687
0.66383
1.5111
0.67405
3.5281
-0.01484
-1.3165
0.32458
0.33274
0.69312
-1.4545
-0.14031
1.2542
1.6586
0.98445
1.5862
0.73801
1.2323
0.77881
2.6108
0.048604
1.4569
-0.22782
0.83695
0.37884
1.0179
-0.28937
1.8774
1.1936
2.5864
1.0839
0.88223
1.45
1.9757
0.67693
-0.010994
-1.4203
1.9653
0.59559
2.9223
-0.59705
1.7801
2.0851
1.1071
0.51588
1.6783
1.4551
3.3189
0.52721
-0.014271
-0.50993
-0.41014
-1.8162
0.2474
-1.2307
-0.62399
-0.57552
-0.89547
-0.84572
-1.5556
-1.1779
-0.11489
-0.26232
-2.3334
-1.3166
-1.3566
-0.80558
-0.54048
-1.769
-1.2107
-2.4791
-0.26644
-0.69367
-1.0891
-1.8718
-0.030119
-2.0546
-0.44915
-1.0681
-0.26499
-1.0201
-1.7181
-2.2716
-0.91796
-2.7591
-3.9035
0.0062387
-2.1114
0.57469
-1.3168
-0.55504
-0.3974
-3.3727
-1.4329
-0.63319
-2.0731
-0.029402
-1.9314
-2.3184
2.7479
-1.2272
1.1
0.38488
0.67704
-0.37879
1.3259
1.2068
0.06427
0.40033
1.0401
3.1851
0.8906
-0.0016125
-0.062856
-0.10887
-0.15704
-0.33722
0.55238
0.077973
1.0365
-0.024086
1.1912
2.5692
2.8049
-0.65844
0.60966
0.048432
1.1074
0.897
0.90945
0.13647
1.2177
1.0603
1.5026
0.39689
0.73293
0.1033
1.0644
2.4769
0.056155
1.4721
1.5437
2.6673
1.8324
-0.2098
1.3728
0.71389
1.5838
0.30433
-0.67078
-0.59265
-1.145
-0.1702
-1.362
-0.84764
-2.3535
0.49201
-0.47839
-0.058356
-1.0913
-2.9788
0.21878
-0.042253
-1.9772
-1.6666
0.89194
0.29498
-0.51814
0.55233
-2.1851
-0.9114
-0.29692
-2.067
-4.1976
-1.1915
0.3079
-1.6255
0.26391
-0.56487
-3.2102
0.99535
-2.0508
-2.7718
-1.4193
-1.0815
-0.6338
-0.16825
-2.6883
-0.32189
-1.2572
-1.7439
-0.9534
-1.2626
-1.3812
-0.24242
-2.4527
-0.3753
0.085235
-0.32138
